0 Sangeetha 14.0794 80.2674 9876543289 TN80CD7890 4.3
1 Rajesh 13.0827 80.2707 9876543210 TN01AB1234 3.9
2 Sangeetha 13.0878 80.2785 9876543211 TN02CD5678 3.6
3 Arjun 13.0839 80.2704 9876543212 TN03EF9012 4.1
4 Nithya 13.0886 80.2728 9876543213 TN04GH3456 4.2
5 Karthik 13.0873 80.2783 9876543214 TN05IJ7890 3.7
6 Priya 13.0821 80.2702 9876543215 TN06KL1234 4.0
7 Rahul 13.0841 80.2709 9876543216 TN07MN5678 4.3
8 Deepa 13.0879 80.2790 9876543217 TN08OP9012 3.8
9 Sanjay 13.0858 80.2767 9876543218 TN09QR3456 4.4
10 Meena 13.0845 80.2717 9876543219 TN10ST7890 4.1
11 Anand 13.0809 80.2693 9876543220 TN11UV1234 3.6
12 Divya 13.0846 80.2739 9876543221 TN12WX5678 4.2
13 Raji 13.0814 80.2761 9876543222 TN13YZ9012 4.5
14 Ravi 13.0802 80.2687 9876543223 TN14AB3456 3.7
15 Kavya 13.0813 80.2713 9876543224 TN15CD7890 4.0
16 Prakash 13.0823 80.2777 9876543225 TN16EF1234 4.3
17 Anu 13.0817 80.2703 9876543226 TN17GH5678 3.8
18 Vignesh 13.0808 80.2789 9876543227 TN18IJ9012 4.4
19 Lavanya 13.0801 80.2755 9876543228 TN19KL3456 4.1
20 Arthi 13.0820 80.2698 9876543229 TN20MN7890 3.6
21 Shiva 13.0799 80.2772 9876543230 TN21OP1234 4.2
22 Swathi 13.0816 80.2716 9876543231 TN22QR5678 4.5
23 Gokul 13.0805 80.2757 9876543232 TN23ST9012 3.7
24 Devi 13.0834 80.2689 9876543233 TN24UV3456 4.0
25 Ramesh 13.0824 80.2778 9876543234 TN25WX7890 4.3
26 Ananya 13.0806 80.2719 9876543235 TN26YZ1234 3.8
27 Venkat 13.0812 80.2707 9876543236 TN27AB5678 4.4
28 Shreya 13.0795 80.2784 9876543237 TN28CD9012 4.1
29 Manoj 13.0800 80.2741 9876543238 TN29EF3456 4.5
30 Ritu 13.0825 80.2695 9876543239 TN30GH7890 3.7
31 Sathish 13.0788 80.2771 9876543240 TN31IJ1234 4.0
32 Nisha 13.0819 80.2704 9876543241 TN32KL5678 4.3
33 Aravind 13.0791 80.2762 9876543242 TN33MN9012 3.8
34 Anusha 13.0781 80.2691 9876543243 TN34OP3456 4.4
35 Raja 13.0802 80.2730 9876543244 TN35QR7890 4.1
36 Pooja 13.0818 80.2688 9876543245 TN36ST1234 4.5
37 Mohan 13.0796 80.2766 9876543246 TN37UV5678 3.7
38 Shruti 13.0789 80.2701 9876543247 TN38WX9012 4.0
39 Vicky 13.0790 80.2744 9876543248 TN39YZ3456 4.3
40 Nandini 13.0822 80.2686 9876543249 TN40AB7890 3.8
41 Harish 13.0780 80.2763 9876543250 TN41CD1234 4.4
42 Kavitha 13.0792 80.2699 9876543251 TN42EF5678 4.1
43 Santhosh 13.0803 80.2733 9876543252 TN43GH9012 4.5
44 Sneha 13.0798 80.2684 9876543253 TN44IJ3456 3.7
45 Arjun 13.0777 80.2753 9876543254 TN45KL7890 4.0
46 Priya 13.0794 80.2707 9876543255 TN46MN1234 4.3
47 Ravi 13.0807 80.2769 9876543256 TN47OP5678 3.8
48 Ramya 13.0793 80.2697 9876543257 TN48QR9012 4.4
49 Vijay 13.0779 80.2734 9876543258 TN49ST3456 4.1
50 Padmini 13.0797 80.2682 9876543259 TN50UV7890 4.5
51 Naveen 13.0769 80.2751 9876543260 TN51WX1234 3.7
52 Aruna 13.0804 80.2711 9876543261 TN52YZ5678 4.0
53 Harish 13.0793 80.2740 9876543262 TN53AB9012 4.3
54 Deepika 13.0784 80.2695 9876543263 TN54CD3456 3.8
55 Suresh 13.0805 80.2738 9876543264 TN55EF7890 4.4
56 Latha 13.0792 80.2703 9876543265 TN56GH1234 4.1
57 Pradeep 13.0775 80.2766 9876543266 TN57IJ5678 4.5
58 Swathi 13.0783 80.2698 9876543267 TN58KL9012 3.7
59 Anand 13.0806 80.2722 9876543268 TN59MN3415 4.0
60 Priya 13.0794 80.2681 9876543269 TN60OP7890 4.3
61 Arjun 13.0767 80.2746 9876543270 TN61QR1234 3.8
62 Nisha 13.0788 80.2693 9876543271 TN62ST5678 4.4
63 Karthik 13.0803 80.2737 9876543272 TN63UV9012 4.1
64 Shalini 13.0791 80.2679 9876543273 TN64WX3456 4.5
65 Ajay 13.0766 80.2755 9876543274 TN65YZ7890 3.7
66 Deepa 13.0782 80.2697 9876543275 TN66AB1234 4.0
67 Raghav 13.0808 80.2726 9876543276 TN67CD5678 4.3
68 Priya 13.0796 80.2677 9876543277 TN68EF9012 3.8
69 Vinod 13.0764 80.2743 9876543278 TN69GH3456 4.4
70 Sangeetha 13.0787 80.2701 9876543279 TN70IJ7890 4.1
71 Arun 13.0809 80.2731 9876543280 TN71KL1234 4.5
72 Divya 13.0792 80.2676 9876543281 TN72MN5678 3.7
73 Rajesh 13.0762 80.2756 9876543282 TN73OP9012 4.0
74 Meena 13.0781 80.2703 9876543283 TN74QR3456 4.3
75 Rahul 13.0810 80.2728 9876543284 TN75ST7890 3.8
76 Nithya 13.0795 80.2675 9876543285 TN76UV1234 4.4
77 Karthik 13.0761 80.2748 9876543286 TN77WX5678 4.1
78 Priya 13.0785 80.2699 9876543287 TN78YZ9012 4.5
79 Arjun 13.0808 80.2725 9876543288 TN79AB3456 3.7

