0 Velachery 12.97902 80.22019
1 Thoraipakkam 12.91467 80.23495
2 Sholinganallur 12.90163 80.22712
3 Guindy 13.00854 80.22098
4 Madipakkam 12.96313 80.20060
5 Ashok_Nagar 13.03482 80.20861
6 T_Nagar 13.03671 80.23547
7 Anna_Nagar 13.08718 80.21647
8 Saidapet 13.02163 80.22293
9 Porur 13.03278 80.16255
10 Medavakkam 12.91733 80.19187
11 Kilpauk 13.08026 80.24196
12 Nungambakkam 13.06122 80.24083
13 Vadapalani 13.05297 80.21021
14 Tambaram 12.92435 80.12530
15 Chromepet 12.95436 80.14048
16 Pallavaram 12.97061 80.15036
17 Egmore 13.07204 80.25739
18 Royapettah 13.06083 80.25822
19 Besant_Nagar 12.99743 80.26660
20 Mylapore 13.03390 80.26701
21 Triplicane 13.06115 80.27947
22 Marina_Beach 13.05042 80.28203
23 Kelambakkam 12.78979 80.22006
24 Adyar 13.00645 80.25717

